NAME : single
TYPE : ATSP
DIMENSION : 60
EDGE_WEIGHT_TYPE : EXPLICIT
EDGE_WEIGHT_FORMAT : FULL_MATRIX
EDGE_WEIGHT_SECTION
0 359 326 336 270 351 308 283 485 491 625 413 531 497 329 212 315 477 444 509 332 529 597 529 510 583 375 482 682 531 511 760 830 867 744 907 459 531 541 634 724 669 772 804 858 796 893 405 748 748 615 622 407 371 340 393 444 495 579 28 
0 0 70 97 176 209 188 139 234 290 369 219 274 296 352 228 223 356 368 480 285 360 451 398 386 476 367 465 509 472 424 606 661 697 587 713 319 427 458 491 576 515 642 658 681 617 676 243 558 605 494 490 397 264 288 219 313 383 454 294 
0 70 0 151 121 263 215 92 189 233 304 155 195 230 294 282 277 345 347 439 233 296 371 306 345 441 362 402 444 406 417 586 646 693 526 773 301 392 408 493 588 433 623 666 622 609 623 296 514 505 445 436 353 282 235 236 251 277 351 241 
0 97 151 0 97 111 103 104 171 215 289 151 215 206 349 130 132 356 375 434 289 277 380 286 303 440 317 374 429 408 452 525 578 616 486 661 314 391 406 508 585 450 621 668 588 565 651 204 523 539 416 390 359 166 213 261 247 264 337 210 
0 176 121 97 0 170 93 85 176 169 324 122 210 167 169 160 216 347 232 330 259 200 252 177 274 442 218 310 335 318 333 446 505 562 551 712 330 392 392 526 587 508 636 684 655 553 785 297 589 449 302 404 237 195 242 257 308 166 218 236 
0 209 263 111 170 0 183 216 234 288 379 263 272 293 296 161 115 351 362 479 282 355 457 425 395 474 373 458 503 457 417 599 659 698 565 712 307 396 453 476 564 486 622 644 667 634 685 239 548 580 501 497 345 54 101 258 312 396 432 267 
0 188 215 103 93 183 0 168 157 147 315 216 279 210 204 80 227 351 237 331 246 182 253 180 297 451 237 335 329 311 314 441 514 559 551 725 358 402 398 531 653 476 647 757 655 546 781 262 553 509 257 406 252 170 148 289 274 133 204 142 
0 139 92 104 85 216 168 0 243 253 383 196 264 271 163 235 230 249 230 290 184 339 342 324 272 345 239 266 423 280 286 471 532 578 453 581 233 296 308 390 478 441 527 557 554 508 585 249 489 560 342 366 287 270 282 158 218 301 346 288 
0 234 189 171 176 234 157 243 0 98 149 105 169 126 353 224 329 519 392 491 372 201 353 224 343 599 395 496 423 420 440 495 613 673 612 778 460 550 561 654 741 609 794 845 712 629 823 377 725 669 351 478 404 212 259 457 423 204 283 271 
0 290 233 215 169 288 147 253 98 0 200 153 217 148 323 242 361 627 343 430 359 105 280 178 317 588 346 456 336 355 398 473 493 596 571 763 478 531 532 711 784 586 777 871 683 666 826 400 747 652 297 436 355 281 222 495 411 169 216 247 
0 369 304 289 324 379 315 383 149 200 0 223 205 213 481 339 455 647 512 612 478 292 486 317 505 735 516 616 519 510 572 587 700 742 704 874 622 686 702 788 858 751 925 936 829 742 888 505 824 809 445 584 537 334 280 573 550 302 407 409 
0 219 155 151 122 263 216 196 105 153 223 0 145 80 264 282 308 472 303 399 292 162 273 148 256 534 309 401 352 325 421 414 541 581 545 731 410 478 541 564 707 533 719 809 650 567 773 340 597 538 271 424 336 281 234 417 325 153 208 240 
0 274 195 215 210 272 279 264 169 217 205 145 0 220 406 255 331 544 448 537 417 270 409 289 397 659 444 547 478 443 501 558 689 738 685 807 512 594 605 663 762 649 847 841 802 679 864 422 699 683 415 549 462 218 196 439 476 267 395 347 
0 296 230 206 167 293 210 271 126 148 213 80 220 0 275 277 389 420 324 381 322 156 255 105 280 497 307 410 324 346 367 376 484 510 497 688 444 448 481 573 713 494 695 798 601 555 730 322 591 577 233 382 314 287 240 396 318 148 166 246 
0 352 294 349 169 296 204 163 353 323 481 264 406 275 0 231 226 208 69 134 188 271 176 190 137 287 235 261 242 235 282 291 350 423 340 482 229 246 265 349 427 381 457 499 441 420 496 245 442 424 214 216 292 337 302 231 176 228 191 292 
0 228 282 130 160 161 80 235 224 242 339 282 255 277 231 0 161 316 225 305 183 256 285 246 312 411 206 305 350 259 278 482 547 616 636 800 300 363 369 461 548 465 592 626 723 561 842 249 555 582 339 472 222 155 111 277 291 230 259 112 
0 223 277 132 216 115 227 230 329 361 455 308 331 389 226 161 0 236 292 333 184 410 403 357 277 329 230 290 492 394 345 497 562 578 463 616 192 281 302 362 467 383 507 544 558 521 619 132 441 446 392 381 264 184 180 272 204 340 411 228 
0 356 345 356 347 351 351 249 519 627 647 472 544 420 208 316 236 0 244 207 187 503 352 362 191 97 236 262 447 303 283 362 395 381 317 387 231 234 267 256 265 267 278 310 362 311 430 247 193 208 316 290 290 427 392 152 101 341 377 290 
0 368 347 375 232 362 237 230 392 343 512 303 448 324 69 225 292 244 0 95 202 277 120 216 153 306 221 247 196 221 268 243 311 393 317 479 276 274 256 372 443 339 462 509 416 394 492 242 442 348 198 234 294 397 352 295 227 231 186 294 
0 480 439 434 330 479 331 290 491 430 612 399 537 381 134 305 333 207 95 0 200 323 140 277 173 243 223 249 232 223 270 193 213 297 278 374 257 222 253 309 370 278 379 429 297 292 365 288 320 285 179 206 296 504 395 306 250 287 240 296 
0 285 233 289 259 282 246 184 372 359 478 292 417 322 188 183 184 187 202 200 0 396 269 244 114 228 176 149 361 267 210 380 431 434 323 470 181 181 187 281 410 264 410 444 428 377 497 165 391 343 270 265 127 338 274 142 210 345 347 160 
0 360 296 277 200 355 182 339 201 105 292 162 270 156 271 256 410 503 277 323 396 0 199 150 336 550 330 365 236 252 314 360 430 485 554 733 480 501 512 643 734 588 772 825 658 613 779 389 684 612 236 419 308 369 308 459 387 159 149 197 
0 451 371 380 252 457 253 342 353 280 486 273 409 255 176 285 403 352 120 140 269 199 0 171 208 426 258 285 226 258 294 206 258 338 288 471 344 423 352 487 554 435 584 638 372 384 449 325 502 437 164 217 268 422 395 385 286 188 111 268 
0 398 306 286 177 425 180 324 224 178 317 148 289 105 190 246 357 362 216 277 244 150 171 0 175 486 250 299 251 253 297 272 401 413 409 579 319 404 407 558 620 477 632 704 519 476 620 284 554 470 156 272 276 318 270 355 247 117 103 276 
0 386 345 303 274 395 297 272 343 317 505 256 397 280 137 312 277 191 153 173 114 336 208 175 0 294 227 201 316 227 181 280 293 295 190 368 256 245 273 384 417 278 439 506 277 251 369 216 329 281 278 283 154 393 378 221 158 282 225 227 
0 476 441 440 442 474 451 345 599 588 735 534 659 497 287 411 329 97 306 243 228 550 426 486 294 0 245 237 482 368 316 321 315 288 291 256 205 208 241 230 240 241 206 254 253 240 321 289 98 100 385 281 283 547 478 312 191 461 433 371 
0 367 362 317 218 373 237 239 395 346 516 309 444 307 235 206 230 236 221 223 176 330 258 250 227 245 0 103 252 141 121 271 327 389 310 474 198 207 196 308 385 310 414 457 406 382 473 167 389 348 176 188 72 371 329 281 213 212 189 131 
0 465 402 374 310 458 335 266 496 456 616 401 547 410 261 305 290 262 247 249 149 365 285 299 201 237 103 0 316 196 154 246 298 293 247 335 178 138 113 229 296 188 316 362 299 273 338 200 255 272 229 274 109 509 432 292 239 291 265 233 
0 509 444 429 335 503 329 423 423 336 519 352 478 324 242 350 492 447 196 232 361 236 226 251 316 482 252 316 0 119 149 213 273 371 344 471 512 482 432 536 590 478 615 669 418 448 466 439 537 456 219 278 219 496 445 499 410 274 176 245 
0 472 406 408 318 457 311 280 420 355 510 325 443 346 235 259 394 303 221 223 267 252 258 253 227 368 141 196 119 0 51 221 279 361 316 472 338 330 325 440 527 393 504 606 393 444 474 302 440 435 188 266 106 408 360 357 287 260 157 147 
0 424 417 452 333 417 314 286 440 398 572 421 501 367 282 278 345 283 268 270 210 314 294 297 181 316 121 154 149 51 0 231 278 391 359 464 309 291 267 383 446 354 456 506 417 410 469 288 416 346 167 266 83 455 412 340 265 243 194 169 
0 606 586 525 446 599 441 471 495 473 587 414 558 376 291 482 497 362 243 193 380 360 206 272 280 321 271 246 213 221 231 0 63 158 159 264 544 392 342 376 483 315 485 532 210 258 260 395 358 288 144 163 243 624 613 481 368 396 249 362 
0 661 646 578 505 659 514 532 613 493 700 541 689 484 350 547 562 395 311 213 431 430 258 401 293 315 327 298 273 279 278 63 0 106 176 241 493 397 290 363 492 306 372 550 166 226 217 443 382 291 196 192 314 671 634 520 395 460 299 446 
0 697 693 616 562 698 559 578 673 596 742 581 738 510 423 616 578 381 393 297 434 485 338 413 295 288 389 293 371 361 391 158 106 0 165 220 482 349 278 320 403 269 405 461 66 147 129 451 303 233 250 205 385 741 667 551 440 497 336 518 
0 587 526 486 551 565 551 453 612 571 704 545 685 497 340 636 463 317 317 278 323 554 288 409 190 291 310 247 344 316 359 159 176 165 0 148 374 304 242 283 372 225 411 451 141 129 134 358 273 256 191 186 326 613 571 408 296 402 290 435 
0 713 773 661 712 712 725 581 778 763 874 731 807 688 482 800 616 387 479 374 470 733 471 579 368 256 474 335 471 472 464 264 241 220 148 0 437 314 267 265 289 230 303 330 196 122 91 487 226 201 325 254 441 740 695 539 428 513 461 572 
0 319 301 314 330 307 358 233 460 478 622 410 512 444 229 300 192 231 276 257 181 480 344 319 256 205 198 178 512 338 309 544 493 482 374 437 0 95 126 170 258 171 315 338 424 344 448 100 245 254 341 313 233 365 360 275 208 301 392 294 
0 427 392 391 392 396 402 296 550 531 686 478 594 448 246 363 281 234 274 222 181 501 423 404 245 208 207 138 482 330 291 392 397 349 304 314 95 0 37 102 185 78 231 263 320 235 351 199 227 244 384 273 231 451 444 279 211 365 417 328 
0 458 408 406 392 453 398 308 561 532 702 541 605 481 265 369 302 267 256 253 187 512 352 407 273 241 196 113 432 325 267 342 290 278 242 267 126 37 0 115 189 68 223 262 254 192 325 227 259 276 317 307 216 503 461 288 244 384 377 323 
0 491 493 508 526 476 531 390 654 711 788 564 663 573 349 461 362 256 372 309 281 643 487 558 384 230 308 229 536 440 383 376 363 320 283 265 170 102 115 0 88 63 163 168 275 193 330 316 249 265 458 383 331 561 566 298 279 480 505 431 
0 576 588 585 587 564 653 478 741 784 858 707 762 713 427 548 467 265 443 370 410 734 554 620 417 240 385 296 590 527 446 483 492 403 372 289 258 185 189 88 0 132 153 105 321 222 309 380 258 275 485 394 404 633 625 349 338 645 560 512 
0 515 433 450 508 486 476 441 609 586 751 533 649 494 381 465 383 267 339 278 264 588 435 477 278 241 310 188 478 393 354 315 306 269 225 230 171 78 68 63 132 0 186 253 230 153 298 236 259 276 364 283 320 514 507 319 244 423 461 448 
0 642 623 621 636 622 647 527 794 777 925 719 847 695 457 592 507 278 462 379 410 772 584 632 439 206 414 316 615 504 456 485 372 405 411 303 315 231 223 163 153 186 0 55 337 291 345 430 187 170 492 421 426 707 661 464 374 672 597 544 
0 658 666 668 684 644 757 557 845 871 936 809 841 798 499 626 544 310 509 429 444 825 638 704 506 254 457 362 669 606 506 532 550 461 451 330 338 263 262 168 105 253 55 0 422 292 406 477 236 221 594 460 471 747 711 429 452 711 651 585 
0 681 622 588 655 667 655 554 712 683 829 650 802 601 441 723 558 362 416 297 428 658 372 519 277 253 406 299 418 393 417 210 166 66 141 196 424 320 254 275 321 230 337 422 0 88 104 488 265 202 277 213 402 766 722 537 415 486 363 533 
0 617 609 565 553 634 546 508 629 666 742 567 679 555 420 561 521 311 394 292 377 613 384 476 251 240 382 273 448 444 410 258 226 147 129 122 344 235 192 193 222 153 291 292 88 0 117 398 258 275 292 213 373 656 642 448 330 501 419 504 
0 676 623 651 785 685 781 585 823 826 888 773 864 730 496 842 619 430 492 365 497 779 449 620 369 321 473 338 466 474 469 260 217 129 134 91 448 351 325 330 309 298 345 406 104 117 0 474 290 292 313 269 443 716 665 540 446 508 436 574 
0 243 296 204 297 239 262 249 377 400 505 340 422 322 245 249 132 247 242 288 165 389 325 284 216 289 167 200 439 302 288 395 443 451 358 487 100 199 227 316 380 236 430 477 488 398 474 0 324 345 307 241 206 260 254 291 224 283 327 270 
0 558 514 523 589 548 553 489 725 747 824 597 699 591 442 555 441 193 442 320 391 684 502 554 329 98 389 255 537 440 416 358 382 303 273 226 245 227 259 249 258 259 187 236 265 258 290 324 0 71 396 334 409 613 635 339 272 619 511 541 
0 605 505 539 449 580 509 560 669 652 809 538 683 577 424 582 446 208 348 285 343 612 437 470 281 100 348 272 456 435 346 288 291 233 256 201 254 244 276 265 275 276 170 221 202 275 292 345 71 0 316 244 339 635 613 390 258 505 441 471 
0 494 445 416 302 501 257 342 351 297 445 271 415 233 214 339 392 316 198 179 270 236 164 156 278 385 176 229 219 188 167 144 196 250 191 325 341 384 317 458 485 364 492 594 277 292 313 307 396 316 0 90 191 614 500 426 248 207 87 267 
0 490 436 390 404 497 406 366 478 436 584 424 549 382 216 472 381 290 234 206 265 419 217 272 283 281 188 274 278 266 266 163 192 205 186 254 313 273 307 383 394 283 421 460 213 213 269 241 334 244 90 0 198 524 479 308 230 250 181 309 
0 397 353 359 237 345 252 287 404 355 537 336 462 314 292 222 264 290 294 296 127 308 268 276 154 283 72 109 219 106 83 243 314 385 326 441 233 231 216 331 404 320 426 471 402 373 443 206 409 339 191 198 0 419 350 256 286 218 219 130 
0 264 282 166 195 54 170 270 212 281 334 281 218 287 337 155 184 427 397 504 338 369 422 318 393 547 371 509 496 408 455 624 671 741 613 740 365 451 503 561 633 514 707 747 766 656 716 260 613 635 614 524 419 0 51 287 322 288 373 266 
0 288 235 213 242 101 148 282 259 222 280 234 196 240 302 111 180 392 352 395 274 308 395 270 378 478 329 432 445 360 412 613 634 667 571 695 360 444 461 566 625 507 661 711 722 642 665 254 635 613 500 479 350 51 0 294 324 242 323 220 
0 219 236 261 257 258 289 158 457 495 573 417 439 396 231 277 272 152 295 306 142 459 385 355 221 312 281 292 499 357 340 481 520 551 408 539 275 279 288 298 349 319 464 429 537 448 540 291 339 390 426 308 256 287 294 0 108 364 450 272 
0 313 251 247 308 312 274 218 423 411 550 325 476 318 176 291 204 101 227 250 210 387 286 247 158 191 213 239 410 287 265 368 395 440 296 428 208 211 244 279 338 244 374 452 415 330 446 224 272 258 248 230 286 322 324 108 0 230 276 286 
0 383 277 264 166 396 133 301 204 169 302 153 267 148 228 230 340 341 231 287 345 159 188 117 282 461 212 291 274 260 243 396 460 497 402 513 301 365 384 480 645 423 672 711 486 501 508 283 619 505 207 250 218 288 242 364 230 0 103 205 
0 454 351 337 218 432 204 346 283 216 407 208 395 166 191 259 411 377 186 240 347 149 111 103 225 433 189 265 176 157 194 249 299 336 290 461 392 417 377 505 560 461 597 651 363 419 436 327 511 441 87 181 219 373 323 450 276 103 0 219 
0 294 241 210 236 267 142 288 271 247 409 240 347 246 292 112 228 290 294 296 160 197 268 276 227 371 131 233 245 147 169 362 446 518 435 572 294 328 323 431 512 448 544 585 533 504 574 270 541 471 267 309 130 266 220 272 286 205 219 0 
EOF