NAME : single
TYPE : ATSP
DIMENSION : 23
EDGE_WEIGHT_TYPE : EXPLICIT
EDGE_WEIGHT_FORMAT : FULL_MATRIX
EDGE_WEIGHT_SECTION
0 2272 2064 1854 1559 1250 2316 2568 2611 2366 2495 2665 1755 1567 3211 845 658 660 963 757 1194 793 882 
0 0 291 620 989 1225 221 859 1152 238 506 1379 691 973 1466 1953 1705 1653 2273 2106 2231 2405 2161 
0 291 0 331 737 957 481 1101 1371 512 775 1584 403 687 1665 1719 1467 1425 2053 1893 2000 2176 1960 
0 620 331 0 384 666 802 1396 1644 837 1092 1843 107 408 1914 1451 1221 1198 1905 1528 1735 1826 1650 
0 989 737 384 0 313 1151 1699 1913 1191 1431 2090 307 269 2149 1023 900 903 1391 1191 1336 1381 1247 
0 1225 957 666 313 0 1355 1837 2013 1400 1615 2164 574 330 2210 696 590 607 1036 957 979 1137 909 
0 221 481 802 1151 1355 0 639 932 181 293 1162 858 1134 1252 1987 1787 1724 2388 2156 2311 2380 2105 
0 859 1101 1396 1699 1837 639 0 316 629 373 555 1432 1684 655 2519 2148 2065 2951 2618 2581 2775 2479 
0 1152 1371 1644 1913 2013 932 316 0 929 686 240 1667 1900 341 2717 2253 2163 3132 2769 2700 3041 2583 
0 238 512 837 1191 1400 181 629 929 0 270 1161 896 1174 1254 2069 1835 1773 2378 2182 2322 2419 2154 
0 506 775 1092 1431 1615 293 373 686 270 0 924 1144 1415 1021 2252 2006 1935 2725 2316 2543 2605 2331 
0 1379 1584 1843 2090 2164 1162 555 240 1161 924 0 1858 2077 164 2861 2353 2257 2801 2905 2806 3126 2680 
0 691 403 107 307 574 858 1432 1667 896 1144 1858 0 284 1927 1378 1121 1096 1638 1486 1624 1638 1573 
0 973 687 408 269 330 1134 1684 1900 1174 1415 2077 284 0 2138 1071 909 907 1366 1214 1390 1381 1273 
0 1466 1665 1914 2149 2210 1252 655 341 1254 1021 164 1927 2138 0 2879 2609 2521 3358 2937 3174 3199 2936 
0 1953 1719 1451 1023 696 1987 2519 2717 2069 2252 2861 1378 1071 2879 0 253 372 298 197 321 359 295 
0 1705 1467 1221 900 590 1787 2148 2253 1835 2006 2353 1121 909 2609 253 0 149 472 264 465 509 366 
0 1653 1425 1198 903 607 1724 2065 2163 1773 1935 2257 1096 907 2521 372 149 0 625 404 667 568 482 
0 2273 2053 1905 1391 1036 2388 2951 3132 2378 2725 2801 1638 1366 3358 298 472 625 0 255 141 209 292 
0 2106 1893 1528 1191 957 2156 2618 2769 2182 2316 2905 1486 1214 2937 197 264 404 255 0 260 230 251 
0 2231 2000 1735 1336 979 2311 2581 2700 2322 2543 2806 1624 1390 3174 321 465 667 141 260 0 182 180 
0 2405 2176 1826 1381 1137 2380 2775 3041 2419 2605 3126 1638 1381 3199 359 509 568 209 230 182 0 239 
0 2161 1960 1650 1247 909 2105 2479 2583 2154 2331 2680 1573 1273 2936 295 366 482 292 251 180 239 0 
EOF